$ANSIBLE_VAULT;1.1;AES256
61346465333838333338653963303430656665643164396437346535656661333330303333346166
3462376466666530393832306465366438663237306536380a623966376330623862303633396634
66333664666337373465336363303832333134333035666663643966643563373164646538303738
3766323931393861370a643062623439353366623239353532653239303933363962393362353734
65383863663462633638656237623730343637316166303466353665313530636634383266636135
63336138346362383762666437303331333865373932353836653339643964386535633938386566
61343762386131353735353738663565636661626339393131313930666636636132313466663535
63303533383437333436383564653632396130323862353562643566643337313437303835313039
66653135626166643063373761386532343766653039383566656333323534373932653238353632
63323566303734623837353338633438323831653363623662383861303131303038316636646136
64333336386638363130623933383863623463383230333161363538373736633066623666366135
35336232353637663632316366343363666230346332616137666132363038306162623963363538
63353035376334383639623734373438613230653436666237383166313464363866353133313663
39363865373639336537323266363830643737373564326436626262353439653233356438306238
39646162303639313364613434663236633531376637633837323033346561343965326337323335
31373939353963323936643432326135353533363735356134386562613733333634646265376234
37376139326330663263626338633131613831343739353538356337646133353064393234663761
30643563353266643835623630633138623964313338376537613436353437323936303533353533
38666335666230626564326561633631323463366234653931396363383037373936373832373234
66393161316239333639306333643830306635663764653664336635383966333635313939313532
32383639346137383536366161636634633263326562623431636163303535346464386131343732
34306566323632376634363063656436336364376661346163633962663063363163306538623837
66386634636334383064343763386530626539393962626165376633393531633136353036323735
31663362376665373731643833616262373535646162346562373939663933363930633435316263
65666564393466613237653534353836656664623531323038373336616532633535356535666136
38353239636138316235336631663630313763313765626462346563656265363034656164336439
38616230616230633466363362393232316331383732356135383966313764336132666161353166
64663731326663663834313837653735386634333464633338633236333938653166353031326133
35373431386230303962396436613362643035326635633465643763623836663138373164363333
38623033356465656238376630616238313535653936616637356539636161666162356565313562
35363966306630323037633964393066336439313833313739353963636439306531373666333839
32333432356132616433663234633863646136303837623364356562663135313062666231303939
33373132393763356530346538656262383464313233333262633833646631326239653136663536
31356536653564363961336530306664316133666134666535353263623134653430383964303635
62616564333730393065333434653461356561323632396264303639323136313462613265383738
37663338316663356561653865633361326265613936346662373661663135336366663233616337
36383930633630383634623534636334333738646530613838343364643263636335653836653833
63313238343930386362326435643730663736393136306637656631343439306261663835356266
39376336613931656432356634383063653763346339363064373832376334373865356361383338
39616638353631303365373266353966363332383835653335366634643166363932383834323637
66643162646563613366666430353631383030343134366464396630363632383131393733636536
63393261356666643832653161333163336535336364616566383566613665363630326337376565
39633536386165306334353638383133376432326431393031346562366433386365363834323466
65396166363833336635643636633063336362616163326463636464623635393535663933623738
34356337366331373764333238323339663362316561383839363134313033666433646265623038
39383536353864643635366138383231666536316632656565373064356535666265326337623635
37373133653264643736613731376465626666316138633532626432313937393636656233306664
34396536393161333238326131336166396261613563643938653131623562666165353161633337
31383438336132343132386231613535313136346466316537323065363539353838333562306435
62393965353632366133383739303238333262303366626238306633313337623364646564353861
31303930356663356638346464616436316439376661396633323138646136643634633461653433
31613961663431643230636439343362663033666565653838653762626234656534313661663838
33333239343536666631353864656238643765313137316636333630633562366263346630306538
63653231316533613261646161326138633662336661646166643561666664376661386463666438
64323736613739373230393162373339376266343464633364326530616636636365383835643035
66323034383734373162336438373333613765363866336633386633666165386331353562353130
39363632653762366265303634396238633038333863386661333164333665386561633938316131
32666262653339386433396434663331646435373232643539393230656332356633353630313664
30316136656632656337653035346565396661363161353561636333353562383030316463333438
62363730613862353635613237343138386165333266626263373363313138663635353233313465
32643461386632393832626131306564363037326332663136353461343634393961656634343234
62306233656334386130303934623962643130323737326463623637383561656361626566663836
64616662343639636265383531386239616164663363316163616366316637666163666532373166
61373236336434613030636530393931613965396437373863316664393235383539323065353736
63366234336163306237656437393634333866373931353832636666643065316535376662656332
66333134313231613764623765656635396631326236643537353038643838373637346463396438
32373766653039663739306334616535366366343035393032366464386561633636333364316132
39643838316336383439356130373533356138636332373735613638313339616531393737656130
33343766306138316565323332643364346336613931353130643334303034633938313366346235
34383536633230326166383765336261336666653030616434373936306435303831396332313930
62646535366564666537653130666462303730363835663562383334396663623066643362323536
61303164376464386136643734386530616361613762316330633136303562313131626134323966
65346137326163363632316138663133343565383936353832653038383231323566353462353834
31636264633166353233326164363565353337333330306230633534643939313935383564643966
39343161343437356563636234343963373463383561323739613734613033623935366335376538
34663663343131616165393133396435346331633538333636623736363736363432626262396538
38623039653839623736313439643539666430366334656536626264666132396561333735656539
64623839616635373033353535613365653465626238653935376361393561323633353038383135
39373533306664333631353635323061663539396133393863353339643561343831333738623464
65623437306234613534316231303363386365613132643264303430363335306533333335353331
31323437333631356662653864333239393064363261623161306130633664646464
